{
	"distanceMatrix": [
		[99999999.0, 45519.0, 46217.0, 48828.0, 3987.0, 13420.0, 14738.0, 5867.0, 17251.0, 8461.0, 47034.0, 26451.0, 5557.0, 59121.0, 55646.0, 57178.0, 15609.0, 83322.0, 42018.0, 13880.0, 15852.0, 15769.0, 53351.0, 56137.0, 36668.0, 36972.0, 38228.0, 37114.0, 39177.0, 37320.0, 8311.0, 39427.0, 6973.0, 13514.0, 20927.0, 25544.0, 8184.0, 27821.0, 26023.0, 58004.0, 58216.0, 8057.0, 58870.0, 38699.0, 6512.0, 16590.0, 45112.0, 17214.0, 57186.0, 60583.0, 62478.0, 36192.0, 7027.0, 17412.0, 34494.0, 99999999.0, 70723.0, 19211.0, 19767.0, 27621.0, 19747.0, 99999999.0, 99999999.0, 99999999.0, 30731.0, 99999999.0, 8057.0, 48375.0, 33026.0, 99999999.0, 99999999.0, 99999999.0, 13682.0, 20572.0, 21877.0, 30112.0],
		[45519.0, 99999999.0, 4321.0, 14454.0, 41430.0, 43051.0, 47534.0, 51519.0, 48865.0, 46741.0, 42260.0, 69577.0, 42069.0, 28731.0, 90076.0, 92437.0, 38504.0, 113229.0, 12605.0, 56117.0, 57318.0, 56542.0, 88610.0, 95773.0, 18661.0, 18933.0, 20251.0, 17566.0, 16916.0, 18260.0, 35894.0, 74686.0, 39729.0, 43646.0, 56055.0, 56327.0, 39751.0, 60421.0, 58675.0, 93263.0, 94699.0, 43063.0, 80516.0, 16491.0, 39415.0, 57404.0, 77125.0, 51910.0, 91398.0, 28601.0, 35269.0, 65769.0, 47868.0, 52436.0, 18457.0, 99999999.0, 106182.0, 45780.0, 46336.0, 63080.0, 43336.0, 99999999.0, 99999999.0, 99999999.0, 21836.0, 99999999.0, 39832.0, 14052.0, 61579.0, 99999999.0, 99999999.0, 99999999.0, 47788.0, 43297.0, 50091.0, 59833.0],
		[46217.0, 4321.0, 99999999.0, 18185.0, 44108.0, 46286.0, 48232.0, 52217.0, 52246.0, 50122.0, 39548.0, 58122.0, 48928.0, 18412.0, 92041.0, 93573.0, 38880.0, 115669.0, 14934.0, 47121.0, 48289.0, 48374.0, 89746.0, 92579.0, 21729.0, 21836.0, 22293.0, 23392.0, 19984.0, 23081.0, 47266.0, 75822.0, 45948.0, 43260.0, 55603.0, 60169.0, 39387.0, 64216.0, 59970.0, 94385.0, 119332.0, 43761.0, 81652.0, 19559.0, 45942.0, 53483.0, 78261.0, 52947.0, 92534.0, 27809.0, 28079.0, 72573.0, 49004.0, 53473.0, 24398.0, 99999999.0, 107318.0, 48244.0, 50674.0, 64216.0, 47619.0, 99999999.0, 99999999.0, 99999999.0, 39230.0, 99999999.0, 47012.0, 21867.0, 65420.0, 99999999.0, 99999999.0, 99999999.0, 48924.0, 45529.0, 53164.0, 60511.0],
		[48828.0, 14454.0, 18185.0, 99999999.0, 54538.0, 57527.0, 60439.0, 62231.0, 55237.0, 53113.0, 50785.0, 69590.0, 53266.0, 33679.0, 95024.0, 97385.0, 50121.0, 119481.0, 31410.0, 59328.0, 60529.0, 59753.0, 93558.0, 96870.0, 36168.0, 34314.0, 32738.0, 33632.0, 30185.0, 33511.0, 52361.0, 78131.0, 48930.0, 54501.0, 59955.0, 70771.0, 50606.0, 68028.0, 70572.0, 98211.0, 98423.0, 46743.0, 85464.0, 29760.0, 48655.0, 60615.0, 100629.0, 55121.0, 92736.0, 14848.0, 22420.0, 83810.0, 53342.0, 55647.0, 31726.0, 99999999.0, 111129.0, 59484.0, 58865.0, 68027.0, 58845.0, 99999999.0, 99999999.0, 99999999.0, 43041.0, 99999999.0, 48631.0, 2890.0, 69711.0, 99999999.0, 99999999.0, 99999999.0, 55381.0, 59140.0, 63593.0, 73102.0],
		[3987.0, 41430.0, 44108.0, 54538.0, 99999999.0, 15027.0, 16497.0, 8496.0, 17821.0, 9527.0, 45027.0, 27021.0, 3587.0, 52592.0, 60264.0, 61796.0, 10040.0, 83061.0, 38324.0, 11771.0, 20107.0, 20024.0, 57969.0, 60755.0, 32924.0, 33228.0, 35722.0, 33370.0, 35380.0, 33576.0, 4684.0, 32947.0, 3291.0, 12001.0, 21082.0, 25587.0, 6505.0, 26948.0, 25388.0, 61791.0, 62834.0, 4005.0, 46880.0, 34955.0, 4825.0, 15910.0, 48899.0, 14834.0, 61804.0, 60248.0, 59142.0, 39979.0, 5372.0, 15032.0, 29638.0, 99999999.0, 75542.0, 18950.0, 20250.0, 32440.0, 19486.0, 99999999.0, 99999999.0, 99999999.0, 26922.0, 99999999.0, 4005.0, 46052.0, 33597.0, 99999999.0, 99999999.0, 99999999.0, 11672.0, 18583.0, 20188.0, 29610.0],
		[13420.0, 43051.0, 46286.0, 57527.0, 15027.0, 99999999.0, 29953.0, 8473.0, 17716.0, 11258.0, 33626.0, 33032.0, 13165.0, 54198.0, 53836.0, 54989.0, 16308.0, 74550.0, 46689.0, 28842.0, 21151.0, 20375.0, 48073.0, 54319.0, 33252.0, 36544.0, 34675.0, 34014.0, 39831.0, 33918.0, 11291.0, 43727.0, 13326.0, 4549.0, 28904.0, 38298.0, 10463.0, 23111.0, 38099.0, 78998.0, 57630.0, 14697.0, 43447.0, 36958.0, 13652.0, 30129.0, 43302.0, 28078.0, 55376.0, 66433.0, 69068.0, 35014.0, 12912.0, 26724.0, 37243.0, 99999999.0, 66199.0, 15067.0, 15523.0, 34994.0, 16882.0, 99999999.0, 99999999.0, 99999999.0, 28870.0, 99999999.0, 13891.0, 62619.0, 23012.0, 99999999.0, 99999999.0, 99999999.0, 24898.0, 22080.0, 8702.0, 26612.0],
		[14738.0, 47534.0, 48232.0, 60439.0, 16497.0, 29953.0, 99999999.0, 22623.0, 18744.0, 21116.0, 49151.0, 27480.0, 16443.0, 67483.0, 51367.0, 53728.0, 26495.0, 84815.0, 45391.0, 1804.0, 13431.0, 13348.0, 58892.0, 51562.0, 40041.0, 37899.0, 42839.0, 38041.0, 42497.0, 38247.0, 16084.0, 31510.0, 18489.0, 26732.0, 19681.0, 24186.0, 20455.0, 33362.0, 23987.0, 63545.0, 55990.0, 16734.0, 50798.0, 42072.0, 18783.0, 1973.0, 56972.0, 7023.0, 61680.0, 76493.0, 74289.0, 41733.0, 17056.0, 7221.0, 36756.0, 99999999.0, 99999999.0, 99999999.0, 99999999.0, 99999999.0, 99999999.0, 99999999.0, 99999999.0, 99999999.0, 99999999.0, 99999999.0, 99999999.0, 99999999.0, 99999999.0, 99999999.0, 99999999.0, 99999999.0, 99999999.0, 99999999.0, 37378.0, 45978.0],
		[5867.0, 51519.0, 52217.0, 62231.0, 8496.0, 8473.0, 22623.0, 99999999.0, 8120.0, 2781.0, 52720.0, 15661.0, 7580.0, 61435.0, 49822.0, 51806.0, 17198.0, 74103.0, 48557.0, 19891.0, 12903.0, 12820.0, 47979.0, 50765.0, 41129.0, 41433.0, 43240.0, 41575.0, 43638.0, 36472.0, 11325.0, 36162.0, 9626.0, 7430.0, 22386.0, 29839.0, 16048.0, 22449.0, 28093.0, 52833.0, 52844.0, 11683.0, 40333.0, 42951.0, 9921.0, 19811.0, 54890.0, 19390.0, 52262.0, 68357.0, 68580.0, 32927.0, 7657.0, 19588.0, 40872.0, 99999999.0, 66012.0, 25781.0, 21791.0, 22449.0, 17614.0, 99999999.0, 99999999.0, 99999999.0, 36429.0, 99999999.0, 11684.0, 54073.0, 22781.0, 99999999.0, 99999999.0, 99999999.0, 17095.0, 23227.0, 17031.0, 28325.0],
		[17251.0, 48865.0, 52246.0, 55237.0, 17821.0, 17716.0, 18744.0, 8120.0, 99999999.0, 4791.0, 53174.0, 9896.0, 18721.0, 65663.0, 47214.0, 48367.0, 26668.0, 70842.0, 43957.0, 19929.0, 4196.0, 4113.0, 42096.0, 44822.0, 36161.0, 36465.0, 39963.0, 36607.0, 41063.0, 36083.0, 23042.0, 29632.0, 21704.0, 18053.0, 22424.0, 25633.0, 25346.0, 19389.0, 22751.0, 49061.0, 51008.0, 22788.0, 36825.0, 41470.0, 21023.0, 18920.0, 36680.0, 11639.0, 48754.0, 66723.0, 67289.0, 29970.0, 18759.0, 11837.0, 35957.0, 99999999.0, 57719.0, 25169.0, 25725.0, 19389.0, 31161.0, 99999999.0, 99999999.0, 99999999.0, 45587.0, 99999999.0, 22788.0, 54514.0, 20546.0, 99999999.0, 99999999.0, 99999999.0, 15452.0, 31068.0, 27677.0, 42053.0],
		[8461.0, 46741.0, 50122.0, 53113.0, 9527.0, 11258.0, 21116.0, 2781.0, 4791.0, 99999999.0, 51050.0, 13991.0, 9266.0, 63539.0, 49052.0, 50205.0, 25088.0, 72680.0, 45231.0, 22277.0, 7077.0, 6994.0, 42414.0, 48660.0, 39850.0, 36270.0, 50900.0, 36650.0, 40006.0, 36959.0, 20973.0, 35113.0, 19580.0, 15929.0, 19118.0, 27471.0, 23164.0, 26356.0, 25034.0, 50899.0, 52846.0, 18678.0, 38663.0, 40809.0, 18899.0, 18799.0, 38518.0, 20733.0, 50592.0, 64599.0, 65165.0, 31660.0, 10251.0, 17502.0, 40121.0, 99999999.0, 99999999.0, 99999999.0, 99999999.0, 99999999.0, 99999999.0, 99999999.0, 99999999.0, 99999999.0, 99999999.0, 99999999.0, 99999999.0, 99999999.0, 99999999.0, 99999999.0, 99999999.0, 99999999.0, 99999999.0, 99999999.0, 14527.0, 38942.0],
		[47034.0, 42260.0, 39548.0, 50785.0, 45027.0, 33626.0, 49151.0, 52720.0, 53174.0, 51050.0, 99999999.0, 59050.0, 34629.0, 33260.0, 85358.0, 88778.0, 23823.0, 98467.0, 32456.0, 48040.0, 49208.0, 49293.0, 91820.0, 94606.0, 24941.0, 25245.0, 26046.0, 25387.0, 22553.0, 25593.0, 29357.0, 69556.0, 24661.0, 34136.0, 57691.0, 62196.0, 21694.0, 60548.0, 61997.0, 89367.0, 102130.0, 44680.0, 80731.0, 27025.0, 24347.0, 49327.0, 70607.0, 47152.0, 90916.0, 57773.0, 58339.0, 74661.0, 34705.0, 47678.0, 24737.0, 99999999.0, 90114.0, 28066.0, 28622.0, 60798.0, 31913.0, 99999999.0, 99999999.0, 99999999.0, 21467.0, 99999999.0, 32336.0, 54010.0, 67446.0, 99999999.0, 99999999.0, 99999999.0, 50997.0, 28460.0, 35122.0, 25905.0],
		[26451.0, 69577.0, 58122.0, 69590.0, 27021.0, 33032.0, 27480.0, 15661.0, 9896.0, 13991.0, 59050.0, 99999999.0, 28279.0, 76434.0, 38629.0, 53726.0, 34857.0, 58909.0, 53157.0, 27247.0, 10072.0, 9989.0, 35746.0, 46759.0, 46606.0, 45665.0, 50605.0, 45807.0, 50316.0, 48459.0, 31728.0, 23180.0, 30325.0, 26791.0, 12576.0, 16056.0, 31691.0, 6923.0, 16299.0, 63357.0, 62572.0, 31409.0, 21534.0, 50670.0, 31405.0, 28120.0, 22073.0, 22198.0, 40621.0, 72599.0, 73165.0, 19627.0, 36779.0, 22396.0, 52168.0, 99999999.0, 46767.0, 42764.0, 43320.0, 6195.0, 48756.0, 99999999.0, 99999999.0, 99999999.0, 49209.0, 99999999.0, 35127.0, 66752.0, 10210.0, 99999999.0, 99999999.0, 99999999.0, 21449.0, 50092.0, 36068.0, 58845.0],
		[5557.0, 42069.0, 48928.0, 53266.0, 3587.0, 13165.0, 16443.0, 7580.0, 18721.0, 9266.0, 34629.0, 28279.0, 99999999.0, 58348.0, 58745.0, 61106.0, 15546.0, 82869.0, 43340.0, 15905.0, 13504.0, 15429.0, 57279.0, 60065.0, 37937.0, 35218.0, 40048.0, 35360.0, 40446.0, 38536.0, 9159.0, 43355.0, 3870.0, 8371.0, 20919.0, 25424.0, 6549.0, 31749.0, 25225.0, 61932.0, 62144.0, 6001.0, 49185.0, 36998.0, 4016.0, 16619.0, 49040.0, 15141.0, 61114.0, 63962.0, 65518.0, 40120.0, 240.0, 17020.0, 37680.0, 99999999.0, 74560.0, 18672.0, 19228.0, 31749.0, 15998.0, 99999999.0, 99999999.0, 99999999.0, 29913.0, 99999999.0, 4959.0, 51874.0, 38119.0, 99999999.0, 99999999.0, 99999999.0, 14226.0, 21250.0, 17549.0, 28729.0],
		[59121.0, 28731.0, 18412.0, 33679.0, 52592.0, 54198.0, 67483.0, 61435.0, 65663.0, 63539.0, 33260.0, 76434.0, 58348.0, 99999999.0, 100520.0, 102052.0, 47722.0, 124148.0, 12560.0, 66372.0, 67573.0, 66797.0, 89848.0, 101011.0, 14779.0, 14061.0, 12479.0, 13569.0, 14286.0, 13258.0, 56686.0, 75961.0, 55166.0, 67006.0, 68192.0, 68601.0, 51900.0, 73636.0, 68402.0, 102878.0, 103090.0, 57169.0, 87139.0, 14825.0, 55160.0, 62701.0, 87681.0, 62165.0, 101022.0, 35511.0, 34405.0, 76325.0, 58424.0, 62691.0, 13866.0, 99999999.0, 115797.0, 57961.0, 58517.0, 73636.0, 56458.0, 99999999.0, 99999999.0, 99999999.0, 31969.0, 99999999.0, 56432.0, 30126.0, 73852.0, 99999999.0, 99999999.0, 99999999.0, 60061.0, 49301.0, 61625.0, 53336.0],
		[55646.0, 90076.0, 92041.0, 95024.0, 60264.0, 53836.0, 51367.0, 49822.0, 47214.0, 49052.0, 85358.0, 38629.0, 58745.0, 100520.0, 99999999.0, 2152.0, 67147.0, 31950.0, 86400.0, 50256.0, 49306.0, 49823.0, 11490.0, 13821.0, 80997.0, 81301.0, 83246.0, 81443.0, 83506.0, 80820.0, 63567.0, 22017.0, 62104.0, 58593.0, 34905.0, 32501.0, 65166.0, 33305.0, 26452.0, 2978.0, 4845.0, 59917.0, 14227.0, 83913.0, 62098.0, 58864.0, 13601.0, 47238.0, 3170.0, 107624.0, 108676.0, 30468.0, 59869.0, 47764.0, 80793.0, 99999999.0, 12573.0, 63337.0, 63893.0, 33304.0, 68680.0, 99999999.0, 99999999.0, 99999999.0, 77742.0, 99999999.0, 63660.0, 95386.0, 40389.0, 99999999.0, 99999999.0, 99999999.0, 41887.0, 70665.0, 59961.0, 78815.0],
		[57178.0, 92437.0, 93573.0, 97385.0, 61796.0, 54989.0, 53728.0, 51806.0, 48367.0, 50205.0, 88778.0, 53726.0, 61106.0, 102052.0, 2152.0, 99999999.0, 82028.0, 30286.0, 87932.0, 52617.0, 51667.0, 51355.0, 12945.0, 14940.0, 82529.0, 82833.0, 84693.0, 82975.0, 85038.0, 83234.0, 65099.0, 33933.0, 63636.0, 59746.0, 37760.0, 33956.0, 66698.0, 34760.0, 29651.0, 1411.0, 2429.0, 61449.0, 15764.0, 85445.0, 63630.0, 53904.0, 15056.0, 48770.0, 697.0, 109985.0, 110208.0, 31923.0, 61401.0, 49296.0, 82325.0, 99999999.0, 17662.0, 63864.0, 65348.0, 34759.0, 70135.0, 99999999.0, 99999999.0, 99999999.0, 79197.0, 99999999.0, 63212.0, 96841.0, 41911.0, 99999999.0, 99999999.0, 99999999.0, 44353.0, 71192.0, 61411.0, 80375.0],
		[15609.0, 38504.0, 38880.0, 50121.0, 10040.0, 16308.0, 26495.0, 17198.0, 26668.0, 25088.0, 23823.0, 34857.0, 15546.0, 47722.0, 67147.0, 82028.0, 99999999.0, 77241.0, 39283.0, 25384.0, 25996.0, 25220.0, 65977.0, 66189.0, 24108.0, 24412.0, 25640.0, 24554.0, 26578.0, 24760.0, 6218.0, 50928.0, 11294.0, 12910.0, 31890.0, 35215.0, 7620.0, 40445.0, 35016.0, 81689.0, 80904.0, 10080.0, 52112.0, 27319.0, 10111.0, 26671.0, 52689.0, 24620.0, 68687.0, 59027.0, 60583.0, 47554.0, 12173.0, 25146.0, 23904.0, 99999999.0, 99999999.0, 99999999.0, 99999999.0, 99999999.0, 99999999.0, 99999999.0, 99999999.0, 99999999.0, 99999999.0, 99999999.0, 99999999.0, 99999999.0, 99999999.0, 99999999.0, 99999999.0, 99999999.0, 99999999.0, 99999999.0, 14598.0, 23913.0],
		[83322.0, 113229.0, 115669.0, 119481.0, 83061.0, 74550.0, 84815.0, 74103.0, 70842.0, 72680.0, 98467.0, 58909.0, 82869.0, 124148.0, 31950.0, 30286.0, 77241.0, 99999999.0, 104155.0, 83704.0, 73763.0, 73451.0, 66473.0, 42476.0, 104583.0, 99056.0, 106747.0, 105029.0, 101261.0, 99404.0, 83759.0, 68092.0, 84912.0, 78873.0, 79963.0, 78576.0, 80228.0, 79380.0, 74271.0, 28735.0, 27796.0, 83545.0, 50028.0, 106458.0, 85684.0, 99555.0, 56530.0, 83471.0, 29918.0, 130661.0, 132259.0, 53724.0, 81649.0, 83997.0, 104379.0, 99999999.0, 16364.0, 69686.0, 70242.0, 79381.0, 75787.0, 99999999.0, 99999999.0, 99999999.0, 101270.0, 99999999.0, 85712.0, 118914.0, 44529.0, 99999999.0, 99999999.0, 99999999.0, 83343.0, 81556.0, 74097.0, 88909.0],
		[42018.0, 12605.0, 14934.0, 31410.0, 38324.0, 46689.0, 45391.0, 48557.0, 43957.0, 45231.0, 32456.0, 53157.0, 43340.0, 12560.0, 86400.0, 87932.0, 39283.0, 104155.0, 99999999.0, 44533.0, 47299.0, 47216.0, 84105.0, 86891.0, 4846.0, 6054.0, 5195.0, 4389.0, 4358.0, 5075.0, 41523.0, 61841.0, 42795.0, 35643.0, 49976.0, 54584.0, 39768.0, 58575.0, 54282.0, 88758.0, 90423.0, 43166.0, 73019.0, 4459.0, 40996.0, 45527.0, 91019.0, 61103.0, 87990.0, 37032.0, 42473.0, 85381.0, 43366.0, 44230.0, 5183.0, 99999999.0, 95854.0, 36706.0, 37262.0, 58365.0, 36923.0, 99999999.0, 99999999.0, 99999999.0, 15938.0, 99999999.0, 43166.0, 35080.0, 59782.0, 99999999.0, 99999999.0, 99999999.0, 43333.0, 34188.0, 38950.0, 48393.0],
		[13880.0, 56117.0, 47121.0, 59328.0, 11771.0, 28842.0, 1804.0, 19891.0, 19929.0, 22277.0, 48040.0, 27247.0, 15905.0, 66372.0, 50256.0, 52617.0, 25384.0, 83704.0, 44533.0, 99999999.0, 12320.0, 12237.0, 50329.0, 50451.0, 36100.0, 37041.0, 40539.0, 36546.0, 41639.0, 37389.0, 15028.0, 29945.0, 13635.0, 25621.0, 18570.0, 22585.0, 19344.0, 32251.0, 22876.0, 53443.0, 54879.0, 15659.0, 46608.0, 41214.0, 17672.0, 1241.0, 47434.0, 5439.0, 52625.0, 72955.0, 73178.0, 40622.0, 15408.0, 5965.0, 39496.0, 99999999.0, 75926.0, 33790.0, 34346.0, 32251.0, 35376.0, 99999999.0, 99999999.0, 99999999.0, 31736.0, 99999999.0, 14719.0, 59753.0, 33981.0, 99999999.0, 99999999.0, 99999999.0, 5143.0, 37922.0, 37200.0, 45120.0],
		[15852.0, 57318.0, 48289.0, 60529.0, 20107.0, 21151.0, 13431.0, 12903.0, 4196.0, 7077.0, 49208.0, 10072.0, 13504.0, 67573.0, 49306.0, 51667.0, 25996.0, 73763.0, 47299.0, 12320.0, 99999999.0, 1797.0, 48305.0, 51091.0, 41899.0, 39757.0, 41550.0, 42345.0, 44355.0, 47558.0, 22867.0, 28718.0, 17738.0, 17930.0, 13252.0, 19756.0, 22830.0, 18359.0, 19557.0, 52493.0, 53929.0, 26258.0, 39746.0, 43930.0, 24088.0, 13264.0, 39601.0, 9388.0, 51675.0, 64429.0, 74379.0, 31146.0, 19999.0, 9914.0, 39249.0, 99999999.0, 99999999.0, 99999999.0, 99999999.0, 99999999.0, 99999999.0, 99999999.0, 99999999.0, 99999999.0, 99999999.0, 99999999.0, 99999999.0, 99999999.0, 99999999.0, 99999999.0, 99999999.0, 99999999.0, 99999999.0, 99999999.0, 27379.0, 35968.0],
		[15769.0, 56542.0, 48374.0, 59753.0, 20024.0, 20375.0, 13348.0, 12820.0, 4113.0, 6994.0, 49293.0, 9989.0, 15429.0, 66797.0, 49823.0, 51355.0, 25220.0, 73451.0, 47216.0, 12237.0, 1797.0, 99999999.0, 41998.0, 44784.0, 43573.0, 39607.0, 41467.0, 39816.0, 44272.0, 39955.0, 22091.0, 33604.0, 25111.0, 17154.0, 12476.0, 18980.0, 22054.0, 17583.0, 18781.0, 52181.0, 53617.0, 25482.0, 39434.0, 44679.0, 17769.0, 13181.0, 39289.0, 9305.0, 51363.0, 62842.0, 72274.0, 30369.0, 19223.0, 9831.0, 39166.0, 99999999.0, 65101.0, 25323.0, 25879.0, 17583.0, 33771.0, 99999999.0, 99999999.0, 99999999.0, 37334.0, 99999999.0, 22277.0, 60178.0, 27448.0, 99999999.0, 99999999.0, 99999999.0, 7598.0, 30169.0, 27296.0, 35885.0],
		[53351.0, 88610.0, 89746.0, 93558.0, 57969.0, 48073.0, 58892.0, 47979.0, 42096.0, 42414.0, 91820.0, 35746.0, 57279.0, 89848.0, 11490.0, 12945.0, 65977.0, 66473.0, 84105.0, 50329.0, 48305.0, 41998.0, 99999999.0, 12398.0, 68760.0, 79059.0, 81553.0, 69206.0, 81211.0, 69412.0, 61996.0, 20550.0, 59809.0, 54186.0, 34838.0, 31034.0, 62871.0, 27396.0, 26729.0, 14614.0, 16051.0, 56582.0, 25126.0, 81618.0, 59803.0, 59068.0, 24066.0, 57017.0, 13074.0, 106158.0, 106336.0, 29001.0, 57574.0, 57543.0, 68556.0, 99999999.0, 31988.0, 65628.0, 66184.0, 27394.0, 67863.0, 99999999.0, 99999999.0, 99999999.0, 64007.0, 99999999.0, 61219.0, 93604.0, 48293.0, 99999999.0, 99999999.0, 99999999.0, 42166.0, 70542.0, 57665.0, 76548.0],
		[56137.0, 95773.0, 92579.0, 96870.0, 60755.0, 54319.0, 51562.0, 50765.0, 44822.0, 48660.0, 94606.0, 46759.0, 60065.0, 101011.0, 13821.0, 14940.0, 66189.0, 42476.0, 86891.0, 50451.0, 51091.0, 44784.0, 12398.0, 99999999.0, 76454.0, 76758.0, 84339.0, 81987.0, 84050.0, 77106.0, 64782.0, 22937.0, 62595.0, 56425.0, 33565.0, 30177.0, 65657.0, 33031.0, 30159.0, 13213.0, 13474.0, 54489.0, 25130.0, 84404.0, 65088.0, 61854.0, 24504.0, 46604.0, 23412.0, 107566.0, 109122.0, 27335.0, 53095.0, 47130.0, 76250.0, 99999999.0, 29411.0, 61627.0, 68029.0, 33031.0, 69708.0, 99999999.0, 99999999.0, 99999999.0, 76198.0, 99999999.0, 63064.0, 95765.0, 49383.0, 99999999.0, 99999999.0, 99999999.0, 41732.0, 81679.0, 60367.0, 79334.0],
		[36668.0, 18661.0, 21729.0, 36168.0, 32924.0, 33252.0, 40041.0, 41129.0, 36161.0, 39850.0, 24941.0, 46606.0, 37937.0, 14779.0, 80997.0, 82529.0, 24108.0, 104583.0, 4846.0, 36100.0, 41899.0, 43573.0, 68760.0, 76454.0, 99999999.0, 1143.0, 2370.0, 1179.0, 1143.0, 1893.0, 36277.0, 64778.0, 29674.0, 30542.0, 42180.0, 59416.0, 26647.0, 53172.0, 45851.0, 83355.0, 84791.0, 35968.0, 70608.0, 3411.0, 36788.0, 40124.0, 85616.0, 36236.0, 82537.0, 41497.0, 52999.0, 55861.0, 37960.0, 35799.0, 272.0, 99999999.0, 96055.0, 31303.0, 30640.0, 53172.0, 31508.0, 99999999.0, 99999999.0, 99999999.0, 8281.0, 99999999.0, 35968.0, 33426.0, 51302.0, 99999999.0, 99999999.0, 99999999.0, 34853.0, 28785.0, 36481.0, 44633.0],
		[36972.0, 18933.0, 21836.0, 34314.0, 33228.0, 36544.0, 37899.0, 41433.0, 36465.0, 36270.0, 25245.0, 45665.0, 35218.0, 14061.0, 81301.0, 82833.0, 24412.0, 99056.0, 6054.0, 37041.0, 39757.0, 39607.0, 79059.0, 76758.0, 1143.0, 99999999.0, 1652.0, 1451.0, 2554.0, 917.0, 27433.0, 65082.0, 35188.0, 34725.0, 42484.0, 46354.0, 26649.0, 53476.0, 46155.0, 83659.0, 85095.0, 36272.0, 70912.0, 3541.0, 28146.0, 40428.0, 86562.0, 38945.0, 82841.0, 52058.0, 52281.0, 69508.0, 38264.0, 36103.0, 2085.0, 99999999.0, 99999999.0, 99999999.0, 99999999.0, 99999999.0, 99999999.0, 99999999.0, 99999999.0, 99999999.0, 99999999.0, 99999999.0, 99999999.0, 99999999.0, 99999999.0, 99999999.0, 99999999.0, 99999999.0, 99999999.0, 99999999.0, 33635.0, 41105.0],
		[38228.0, 20251.0, 22293.0, 32738.0, 35722.0, 34675.0, 42839.0, 43240.0, 39963.0, 50900.0, 26046.0, 50605.0, 40048.0, 12479.0, 83246.0, 84693.0, 25640.0, 106747.0, 5195.0, 40539.0, 41550.0, 41467.0, 81553.0, 84339.0, 2370.0, 1652.0, 99999999.0, 3379.0, 3781.0, 1013.0, 28538.0, 67629.0, 37048.0, 31649.0, 47424.0, 51929.0, 27958.0, 56023.0, 51730.0, 85519.0, 86955.0, 31152.0, 73459.0, 4528.0, 28982.0, 42288.0, 88464.0, 41480.0, 84701.0, 44412.0, 52033.0, 64394.0, 40124.0, 41678.0, 2166.0, 99999999.0, 99999999.0, 99999999.0, 99999999.0, 99999999.0, 99999999.0, 99999999.0, 99999999.0, 99999999.0, 99999999.0, 99999999.0, 99999999.0, 99999999.0, 99999999.0, 99999999.0, 99999999.0, 99999999.0, 99999999.0, 99999999.0, 35562.0, 35931.0],
		[37114.0, 17566.0, 23392.0, 33632.0, 33370.0, 34014.0, 38041.0, 41575.0, 36607.0, 36650.0, 25387.0, 45807.0, 35360.0, 13569.0, 81443.0, 82975.0, 24554.0, 105029.0, 4389.0, 36546.0, 42345.0, 39816.0, 69206.0, 81987.0, 1179.0, 1451.0, 3379.0, 99999999.0, 1246.0, 2081.0, 36723.0, 65224.0, 35330.0, 30988.0, 42626.0, 51987.0, 27093.0, 53618.0, 46297.0, 83801.0, 85290.0, 36414.0, 71054.0, 2174.0, 37234.0, 40570.0, 86062.0, 36682.0, 82983.0, 41123.0, 41346.0, 56307.0, 38406.0, 36880.0, 975.0, 99999999.0, 96501.0, 31749.0, 34218.0, 53618.0, 34559.0, 99999999.0, 99999999.0, 99999999.0, 8727.0, 99999999.0, 36414.0, 32290.0, 56688.0, 99999999.0, 99999999.0, 99999999.0, 40239.0, 31106.0, 34579.0, 44028.0],
		[39177.0, 16916.0, 19984.0, 30185.0, 35380.0, 39831.0, 42497.0, 43638.0, 41063.0, 40006.0, 22553.0, 50316.0, 40446.0, 14286.0, 83506.0, 85038.0, 26578.0, 101261.0, 4358.0, 41639.0, 44355.0, 44272.0, 81211.0, 84050.0, 1143.0, 2554.0, 3781.0, 1246.0, 99999999.0, 2148.0, 33635.0, 58947.0, 34907.0, 35775.0, 47082.0, 51587.0, 31880.0, 55681.0, 51388.0, 85864.0, 87300.0, 32252.0, 70125.0, 1447.0, 30082.0, 42214.0, 88086.0, 41138.0, 85007.0, 40458.0, 40682.0, 58675.0, 40433.0, 41336.0, 1414.0, 99999999.0, 92115.0, 33773.0, 34329.0, 55471.0, 43448.0, 99999999.0, 99999999.0, 99999999.0, 9423.0, 99999999.0, 38267.0, 31681.0, 56799.0, 99999999.0, 99999999.0, 99999999.0, 40350.0, 31255.0, 36738.0, 44547.0],
		[37320.0, 18260.0, 23081.0, 33511.0, 33576.0, 33918.0, 38247.0, 36472.0, 36083.0, 36959.0, 25593.0, 48459.0, 38536.0, 13258.0, 80820.0, 83234.0, 24760.0, 99404.0, 5075.0, 37389.0, 47558.0, 39955.0, 69412.0, 77106.0, 1893.0, 917.0, 1013.0, 2081.0, 2148.0, 99999999.0, 36929.0, 65430.0, 35536.0, 30892.0, 42832.0, 52722.0, 26997.0, 53824.0, 46503.0, 84060.0, 85443.0, 36620.0, 77172.0, 4032.0, 28225.0, 40776.0, 68807.0, 36253.0, 83189.0, 41802.0, 52897.0, 62827.0, 38612.0, 37086.0, 1689.0, 99999999.0, 99999999.0, 99999999.0, 99999999.0, 99999999.0, 99999999.0, 99999999.0, 99999999.0, 99999999.0, 99999999.0, 99999999.0, 99999999.0, 99999999.0, 99999999.0, 99999999.0, 99999999.0, 99999999.0, 99999999.0, 99999999.0, 34888.0, 41268.0],
		[8311.0, 35894.0, 47266.0, 52361.0, 4684.0, 11291.0, 16084.0, 11325.0, 23042.0, 20973.0, 29357.0, 31728.0, 6028.0, 56686.0, 63567.0, 65099.0, 6218.0, 83759.0, 41523.0, 15028.0, 22867.0, 22091.0, 61996.0, 64782.0, 36277.0, 27433.0, 28538.0, 36723.0, 33635.0, 36929.0, 99999999.0, 47348.0, 2928.0, 8986.0, 27143.0, 31648.0, 4082.0, 35742.0, 31449.0, 65925.0, 66996.0, 4354.0, 53178.0, 33334.0, 3254.0, 21253.0, 53032.0, 14085.0, 65831.0, 63678.0, 63901.0, 44836.0, 6477.0, 14666.0, 36018.0, 99999999.0, 75408.0, 15691.0, 16610.0, 35743.0, 16588.0, 99999999.0, 99999999.0, 99999999.0, 32027.0, 99999999.0, 3651.0, 49355.0, 37623.0, 99999999.0, 99999999.0, 99999999.0, 18440.0, 13044.0, 18504.0, 26306.0],
		[39427.0, 74686.0, 75822.0, 78131.0, 32947.0, 43727.0, 31510.0, 36162.0, 29632.0, 35113.0, 69556.0, 23180.0, 43355.0, 75961.0, 22017.0, 33933.0, 50928.0, 68092.0, 61841.0, 29945.0, 28718.0, 33604.0, 20550.0, 22937.0, 64778.0, 65082.0, 67629.0, 65224.0, 58947.0, 65430.0, 47348.0, 99999999.0, 45885.0, 40251.0, 15324.0, 8354.0, 47138.0, 22692.0, 12826.0, 27595.0, 28666.0, 43698.0, 18209.0, 59354.0, 45879.0, 38111.0, 13634.0, 26668.0, 23599.0, 82516.0, 84072.0, 15142.0, 43650.0, 27194.0, 64574.0, 99999999.0, 31269.0, 48013.0, 48569.0, 17253.0, 54005.0, 99999999.0, 99999999.0, 99999999.0, 62418.0, 99999999.0, 37591.0, 69317.0, 25903.0, 99999999.0, 99999999.0, 99999999.0, 24657.0, 55341.0, 48607.0, 62624.0],
		[6973.0, 39729.0, 45948.0, 48930.0, 3291.0, 13326.0, 18489.0, 9626.0, 21704.0, 19580.0, 24661.0, 30325.0, 3870.0, 55166.0, 62104.0, 63636.0, 11294.0, 84912.0, 42795.0, 13635.0, 17738.0, 25111.0, 59809.0, 62595.0, 29674.0, 35188.0, 37048.0, 35330.0, 34907.0, 35536.0, 2928.0, 45885.0, 99999999.0, 10300.0, 25680.0, 27487.0, 5476.0, 34279.0, 27180.0, 64462.0, 65898.0, 2188.0, 51715.0, 38579.0, 3796.0, 18665.0, 66878.0, 16614.0, 63644.0, 62088.0, 60982.0, 42650.0, 3946.0, 13273.0, 34680.0, 99999999.0, 77382.0, 17552.0, 18061.0, 34280.0, 19949.0, 99999999.0, 99999999.0, 99999999.0, 30564.0, 99999999.0, 2188.0, 47892.0, 34861.0, 99999999.0, 99999999.0, 99999999.0, 16181.0, 19497.0, 20448.0, 29326.0],
		[13514.0, 43646.0, 43260.0, 54501.0, 12001.0, 5176.0, 26732.0, 7430.0, 18053.0, 15929.0, 34136.0, 26791.0, 9046.0, 67006.0, 58593.0, 59746.0, 12910.0, 78873.0, 35643.0, 25621.0, 17930.0, 17154.0, 54186.0, 56425.0, 30542.0, 34725.0, 31649.0, 30988.0, 35775.0, 30892.0, 10144.0, 40251.0, 10300.0, 99999999.0, 24785.0, 34818.0, 5163.0, 27132.0, 34619.0, 60951.0, 62387.0, 11671.0, 48204.0, 33932.0, 8306.0, 26908.0, 48058.0, 23207.0, 60133.0, 63407.0, 74176.0, 37026.0, 7816.0, 25365.0, 33259.0, 99999999.0, 70522.0, 11177.0, 11733.0, 28656.0, 12763.0, 99999999.0, 99999999.0, 99999999.0, 24751.0, 99999999.0, 9772.0, 54674.0, 31925.0, 99999999.0, 99999999.0, 99999999.0, 23620.0, 19248.0, 13347.0, 23483.0],
		[20927.0, 56055.0, 55603.0, 59955.0, 21082.0, 28904.0, 19681.0, 22386.0, 22424.0, 19118.0, 57691.0, 12576.0, 20919.0, 68192.0, 34905.0, 37760.0, 31890.0, 79963.0, 49976.0, 18570.0, 13252.0, 12476.0, 34838.0, 33565.0, 42180.0, 42484.0, 47424.0, 42626.0, 47082.0, 42832.0, 27143.0, 15324.0, 25680.0, 24785.0, 99999999.0, 9571.0, 31358.0, 8056.0, 7863.0, 39992.0, 41257.0, 23381.0, 42705.0, 47865.0, 32014.0, 19857.0, 42239.0, 9405.0, 36760.0, 83667.0, 72207.0, 18009.0, 21102.0, 9931.0, 41976.0, 99999999.0, 47761.0, 32652.0, 33208.0, 8173.0, 34238.0, 99999999.0, 99999999.0, 99999999.0, 38841.0, 99999999.0, 32811.0, 56169.0, 34777.0, 99999999.0, 99999999.0, 99999999.0, 8584.0, 36784.0, 36446.0, 45035.0],
		[25544.0, 56327.0, 60169.0, 70771.0, 25587.0, 38298.0, 24186.0, 29839.0, 25633.0, 27471.0, 62196.0, 16056.0, 25424.0, 68601.0, 32501.0, 33956.0, 35215.0, 78576.0, 54584.0, 22585.0, 19756.0, 18980.0, 31034.0, 30177.0, 59416.0, 46354.0, 51929.0, 51987.0, 51587.0, 52722.0, 31648.0, 8354.0, 27487.0, 34818.0, 9571.0, 99999999.0, 31522.0, 10676.0, 4558.0, 34555.0, 35626.0, 27998.0, 37439.0, 51994.0, 30179.0, 24362.0, 31307.0, 19228.0, 34083.0, 75156.0, 76712.0, 16102.0, 25719.0, 19754.0, 46481.0, 99999999.0, 66569.0, 39605.0, 40161.0, 10676.0, 41191.0, 99999999.0, 99999999.0, 99999999.0, 44832.0, 99999999.0, 28562.0, 62160.0, 37002.0, 99999999.0, 99999999.0, 99999999.0, 17816.0, 43737.0, 41921.0, 55068.0],
		[8184.0, 39751.0, 39387.0, 50606.0, 6505.0, 11901.0, 20455.0, 16048.0, 25346.0, 23164.0, 21694.0, 31691.0, 7967.0, 51900.0, 65166.0, 66698.0, 7620.0, 80228.0, 39768.0, 19344.0, 22830.0, 22054.0, 62871.0, 65657.0, 26647.0, 26649.0, 27958.0, 27093.0, 31880.0, 26997.0, 5209.0, 47138.0, 5476.0, 5163.0, 31358.0, 31522.0, 99999999.0, 30125.0, 31323.0, 67524.0, 83891.0, 6545.0, 59824.0, 30037.0, 4293.0, 20631.0, 52370.0, 18580.0, 66706.0, 59512.0, 61068.0, 38077.0, 6737.0, 16857.0, 26443.0, 99999999.0, 71877.0, 16938.0, 17494.0, 37341.0, 15846.0, 99999999.0, 99999999.0, 99999999.0, 23389.0, 99999999.0, 7809.0, 53312.0, 38498.0, 99999999.0, 99999999.0, 99999999.0, 20324.0, 15501.0, 17722.0, 26269.0],
		[27821.0, 60421.0, 64216.0, 68028.0, 26948.0, 23111.0, 33362.0, 22449.0, 19389.0, 26356.0, 60548.0, 6923.0, 31749.0, 73636.0, 33305.0, 34760.0, 40445.0, 79380.0, 58575.0, 32251.0, 18359.0, 17583.0, 27396.0, 33031.0, 53172.0, 53476.0, 56023.0, 53618.0, 55681.0, 53824.0, 35742.0, 22692.0, 34279.0, 27132.0, 8056.0, 10676.0, 30125.0, 99999999.0, 6238.0, 36284.0, 37720.0, 26601.0, 21344.0, 56088.0, 34273.0, 33538.0, 23392.0, 17911.0, 34886.0, 80628.0, 80806.0, 14471.0, 24322.0, 16640.0, 52968.0, 99999999.0, 55418.0, 35329.0, 35885.0, 1.0, 40672.0, 99999999.0, 99999999.0, 99999999.0, 49734.0, 99999999.0, 35652.0, 67062.0, 15896.0, 99999999.0, 99999999.0, 99999999.0, 16294.0, 42657.0, 32061.0, 51018.0],
		[26023.0, 58675.0, 59970.0, 70572.0, 25388.0, 38099.0, 23987.0, 28093.0, 22751.0, 25034.0, 61997.0, 16299.0, 25225.0, 68402.0, 26452.0, 29651.0, 35016.0, 74271.0, 54282.0, 22876.0, 19557.0, 18781.0, 26729.0, 30159.0, 45851.0, 46155.0, 51730.0, 46297.0, 51388.0, 46503.0, 31449.0, 12826.0, 27180.0, 34619.0, 7863.0, 4558.0, 31323.0, 6238.0, 99999999.0, 32634.0, 39091.0, 27799.0, 18123.0, 51795.0, 37964.0, 24163.0, 26351.0, 19029.0, 29778.0, 82926.0, 76513.0, 8935.0, 25520.0, 19555.0, 46282.0, 99999999.0, 59686.0, 38497.0, 39398.0, 6808.0, 40014.0, 99999999.0, 99999999.0, 99999999.0, 43655.0, 99999999.0, 28247.0, 60983.0, 34358.0, 99999999.0, 99999999.0, 99999999.0, 16639.0, 46170.0, 35738.0, 54869.0],
		[58004.0, 93263.0, 94385.0, 98211.0, 61791.0, 78998.0, 63545.0, 52833.0, 49061.0, 50899.0, 89367.0, 63357.0, 61932.0, 102878.0, 2978.0, 1411.0, 81689.0, 28735.0, 88758.0, 53443.0, 52493.0, 52181.0, 14614.0, 13213.0, 83355.0, 83659.0, 85519.0, 83801.0, 85864.0, 84060.0, 65925.0, 27595.0, 64462.0, 60951.0, 39992.0, 34555.0, 67524.0, 36284.0, 32634.0, 99999999.0, 1013.0, 62275.0, 16499.0, 86271.0, 64456.0, 63721.0, 15791.0, 49596.0, 2134.0, 110811.0, 110989.0, 32013.0, 62227.0, 50122.0, 83151.0, 99999999.0, 16731.0, 65527.0, 66083.0, 35494.0, 70870.0, 99999999.0, 99999999.0, 99999999.0, 79004.0, 99999999.0, 63947.0, 96332.0, 54214.0, 99999999.0, 99999999.0, 99999999.0, 44160.0, 72855.0, 78824.0, 93357.0],
		[58216.0, 94699.0, 119332.0, 98423.0, 62834.0, 57630.0, 55990.0, 52844.0, 51008.0, 52846.0, 102130.0, 62572.0, 62144.0, 103090.0, 4845.0, 2429.0, 80904.0, 27796.0, 90423.0, 54879.0, 53929.0, 53617.0, 16051.0, 13474.0, 84791.0, 85095.0, 86955.0, 85290.0, 87300.0, 85443.0, 66996.0, 28666.0, 65898.0, 62387.0, 41257.0, 35626.0, 83891.0, 37720.0, 39091.0, 1013.0, 99999999.0, 63711.0, 17492.0, 88083.0, 65892.0, 56166.0, 17026.0, 50667.0, 2435.0, 112247.0, 111201.0, 33084.0, 63663.0, 51558.0, 84587.0, 99999999.0, 16590.0, 78822.0, 79378.0, 36987.0, 72363.0, 99999999.0, 99999999.0, 99999999.0, 80521.0, 99999999.0, 65464.0, 97849.0, 53854.0, 99999999.0, 99999999.0, 99999999.0, 45677.0, 86150.0, 77804.0, 92572.0],
		[8057.0, 43063.0, 43761.0, 46743.0, 4005.0, 14697.0, 16734.0, 11683.0, 22788.0, 18678.0, 44680.0, 31409.0, 6001.0, 57169.0, 59917.0, 61449.0, 10080.0, 83545.0, 43166.0, 15659.0, 26258.0, 25482.0, 56582.0, 54489.0, 35968.0, 36272.0, 31152.0, 36414.0, 32252.0, 36620.0, 4354.0, 43698.0, 2188.0, 11671.0, 23381.0, 27998.0, 6545.0, 26601.0, 27799.0, 62275.0, 63711.0, 99999999.0, 49528.0, 36049.0, 2182.0, 19749.0, 64533.0, 14771.0, 61457.0, 59901.0, 58795.0, 40463.0, 6077.0, 15297.0, 35764.0, 99999999.0, 75195.0, 19734.0, 20290.0, 32093.0, 20207.0, 99999999.0, 99999999.0, 99999999.0, 28377.0, 99999999.0, 1.0, 46021.0, 33470.0, 99999999.0, 99999999.0, 99999999.0, 14790.0, 16715.0, 21530.0, 29697.0],
		[58870.0, 80516.0, 81652.0, 85464.0, 46880.0, 43447.0, 50798.0, 40333.0, 36825.0, 38663.0, 80731.0, 21534.0, 49185.0, 87139.0, 14227.0, 15764.0, 52112.0, 50028.0, 73019.0, 46608.0, 39746.0, 39434.0, 25126.0, 25130.0, 70608.0, 70912.0, 73459.0, 71054.0, 70125.0, 77172.0, 53178.0, 18209.0, 51715.0, 48204.0, 42705.0, 37439.0, 59824.0, 21344.0, 18123.0, 16499.0, 17492.0, 49528.0, 99999999.0, 89534.0, 51711.0, 64587.0, 2064.0, 48907.0, 15112.0, 95072.0, 95250.0, 9216.0, 49482.0, 49451.0, 86038.0, 99999999.0, 99999999.0, 99999999.0, 99999999.0, 99999999.0, 99999999.0, 99999999.0, 99999999.0, 99999999.0, 99999999.0, 99999999.0, 99999999.0, 99999999.0, 99999999.0, 99999999.0, 99999999.0, 99999999.0, 99999999.0, 99999999.0, 45745.0, 74338.0],
		[38699.0, 16491.0, 19559.0, 29760.0, 34955.0, 36958.0, 42072.0, 42951.0, 41470.0, 40809.0, 27025.0, 50670.0, 36998.0, 14825.0, 83913.0, 85445.0, 27319.0, 106458.0, 4459.0, 41214.0, 43930.0, 44679.0, 81618.0, 84404.0, 3411.0, 3541.0, 4528.0, 2174.0, 1447.0, 4032.0, 33334.0, 59354.0, 38579.0, 33932.0, 47865.0, 51994.0, 30037.0, 56088.0, 51795.0, 86271.0, 88083.0, 36049.0, 89534.0, 99999999.0, 29657.0, 41789.0, 88908.0, 40713.0, 85829.0, 39134.0, 39357.0, 72411.0, 39835.0, 40911.0, 2947.0, 99999999.0, 93317.0, 34219.0, 34775.0, 55046.0, 33554.0, 99999999.0, 99999999.0, 99999999.0, 11973.0, 99999999.0, 33435.0, 31256.0, 58021.0, 99999999.0, 99999999.0, 99999999.0, 41572.0, 32039.0, 35894.0, 46888.0],
		[6512.0, 39415.0, 45942.0, 48655.0, 4825.0, 13652.0, 18783.0, 9921.0, 21023.0, 18899.0, 24347.0, 31405.0, 4016.0, 55160.0, 62098.0, 63630.0, 10111.0, 85684.0, 40996.0, 17672.0, 24088.0, 17769.0, 59803.0, 65088.0, 36788.0, 28146.0, 28982.0, 37234.0, 30082.0, 28225.0, 3254.0, 45879.0, 3796.0, 8306.0, 32014.0, 30179.0, 4293.0, 34273.0, 37964.0, 64456.0, 65892.0, 2182.0, 51711.0, 29657.0, 99999999.0, 18959.0, 51564.0, 16908.0, 63638.0, 62082.0, 60976.0, 42644.0, 3276.0, 17434.0, 36584.0, 99999999.0, 75714.0, 15925.0, 16481.0, 34274.0, 20369.0, 99999999.0, 99999999.0, 99999999.0, 30558.0, 99999999.0, 2182.0, 48202.0, 35007.0, 99999999.0, 99999999.0, 99999999.0, 16327.0, 20501.0, 18937.0, 28763.0],
		[16590.0, 57404.0, 53483.0, 60615.0, 15910.0, 30129.0, 1973.0, 19811.0, 18920.0, 18799.0, 49327.0, 28120.0, 16619.0, 62701.0, 58864.0, 53904.0, 26671.0, 99555.0, 45527.0, 1241.0, 13264.0, 13181.0, 59068.0, 61854.0, 40124.0, 40428.0, 42288.0, 40570.0, 42214.0, 40776.0, 21253.0, 38111.0, 18665.0, 26908.0, 19857.0, 24362.0, 20631.0, 33538.0, 24163.0, 63721.0, 56166.0, 19749.0, 64587.0, 41789.0, 18959.0, 99999999.0, 57148.0, 7199.0, 60404.0, 69284.0, 74465.0, 41909.0, 17268.0, 7054.0, 39920.0, 99999999.0, 77213.0, 35077.0, 35633.0, 33538.0, 36663.0, 99999999.0, 99999999.0, 99999999.0, 33023.0, 99999999.0, 16946.0, 49788.0, 35268.0, 99999999.0, 99999999.0, 99999999.0, 6087.0, 39209.0, 37525.0, 45695.0],
		[45112.0, 77125.0, 78261.0, 100629.0, 48899.0, 43302.0, 56972.0, 54890.0, 36680.0, 38518.0, 70607.0, 22073.0, 49040.0, 87681.0, 13601.0, 15056.0, 52689.0, 56530.0, 91019.0, 47434.0, 39601.0, 39289.0, 24066.0, 24504.0, 85616.0, 86562.0, 88464.0, 86062.0, 88086.0, 68807.0, 53032.0, 13634.0, 66878.0, 48058.0, 42239.0, 31307.0, 52370.0, 23392.0, 26351.0, 15791.0, 17026.0, 64533.0, 2064.0, 88908.0, 51564.0, 57148.0, 99999999.0, 48760.0, 14486.0, 113229.0, 113407.0, 9031.0, 49335.0, 49304.0, 85412.0, 99999999.0, 99999999.0, 99999999.0, 99999999.0, 99999999.0, 99999999.0, 99999999.0, 99999999.0, 99999999.0, 99999999.0, 99999999.0, 99999999.0, 99999999.0, 99999999.0, 99999999.0, 99999999.0, 99999999.0, 99999999.0, 99999999.0, 63426.0, 61051.0],
		[17214.0, 51910.0, 52947.0, 55121.0, 14834.0, 28078.0, 7023.0, 19390.0, 11639.0, 20733.0, 47152.0, 22198.0, 15141.0, 62165.0, 47238.0, 48770.0, 24620.0, 83471.0, 61103.0, 5439.0, 9388.0, 9305.0, 57017.0, 46604.0, 36236.0, 38945.0, 41480.0, 36682.0, 41138.0, 36253.0, 14085.0, 26668.0, 16614.0, 23207.0, 9405.0, 19228.0, 18580.0, 17911.0, 19029.0, 49596.0, 50667.0, 14771.0, 48907.0, 40713.0, 16908.0, 7199.0, 48760.0, 99999999.0, 48778.0, 68748.0, 68971.0, 27784.0, 15217.0, 2753.0, 38437.0, 99999999.0, 75162.0, 31146.0, 31702.0, 17912.0, 32732.0, 99999999.0, 99999999.0, 99999999.0, 30848.0, 99999999.0, 14771.0, 47956.0, 33217.0, 99999999.0, 99999999.0, 99999999.0, 1786.0, 35278.0, 33711.0, 44619.0],
		[57186.0, 91398.0, 92534.0, 92736.0, 61804.0, 55376.0, 61680.0, 52262.0, 48754.0, 50592.0, 90916.0, 40621.0, 61114.0, 101022.0, 3170.0, 697.0, 68687.0, 29918.0, 87990.0, 52625.0, 51675.0, 51363.0, 13074.0, 23412.0, 82537.0, 82841.0, 84701.0, 82983.0, 85007.0, 83189.0, 65831.0, 23599.0, 63644.0, 60133.0, 36760.0, 34083.0, 66706.0, 34886.0, 29778.0, 2134.0, 2435.0, 61457.0, 15112.0, 85829.0, 63638.0, 60404.0, 14486.0, 48778.0, 99999999.0, 108946.0, 109124.0, 32048.0, 61409.0, 49304.0, 82333.0, 99999999.0, 17326.0, 64919.0, 66865.0, 34886.0, 70262.0, 99999999.0, 99999999.0, 99999999.0, 79324.0, 99999999.0, 65242.0, 95525.0, 41796.0, 99999999.0, 99999999.0, 99999999.0, 43353.0, 71422.0, 61417.0, 80383.0],
		[60583.0, 28601.0, 27809.0, 14848.0, 60248.0, 66433.0, 76493.0, 68357.0, 66723.0, 64599.0, 57773.0, 72599.0, 63962.0, 35511.0, 107624.0, 109985.0, 59027.0, 130661.0, 37032.0, 72955.0, 64429.0, 62842.0, 106158.0, 107566.0, 41497.0, 52058.0, 44412.0, 41123.0, 40458.0, 41802.0, 63678.0, 82516.0, 62088.0, 63407.0, 83667.0, 75156.0, 59512.0, 80628.0, 82926.0, 110811.0, 112247.0, 59901.0, 95072.0, 39134.0, 62082.0, 69284.0, 113229.0, 68748.0, 108946.0, 99999999.0, 959.0, 87943.0, 64038.0, 69274.0, 41293.0, 99999999.0, 123730.0, 68594.0, 69150.0, 80628.0, 69130.0, 99999999.0, 99999999.0, 99999999.0, 45518.0, 99999999.0, 63424.0, 15972.0, 80407.0, 99999999.0, 99999999.0, 99999999.0, 65336.0, 67640.0, 74600.0, 77812.0],
		[62478.0, 35269.0, 28079.0, 22420.0, 59142.0, 69068.0, 74289.0, 68580.0, 67289.0, 65165.0, 58339.0, 73165.0, 65518.0, 34405.0, 108676.0, 110208.0, 60583.0, 132259.0, 42473.0, 73178.0, 74379.0, 72274.0, 106336.0, 109122.0, 52999.0, 52281.0, 52033.0, 41346.0, 40682.0, 52897.0, 63901.0, 84072.0, 60982.0, 74176.0, 72207.0, 76712.0, 61068.0, 80806.0, 76513.0, 110989.0, 111201.0, 58795.0, 95250.0, 39357.0, 60976.0, 74465.0, 113407.0, 68971.0, 109124.0, 959.0, 99999999.0, 89177.0, 65594.0, 69497.0, 43105.0, 99999999.0, 123953.0, 68817.0, 69373.0, 80851.0, 69353.0, 99999999.0, 99999999.0, 99999999.0, 47808.0, 99999999.0, 63647.0, 23854.0, 81963.0, 99999999.0, 99999999.0, 99999999.0, 65559.0, 69509.0, 74823.0, 79707.0],
		[36192.0, 65769.0, 72573.0, 83810.0, 39979.0, 35014.0, 41733.0, 32927.0, 29970.0, 31660.0, 74661.0, 19627.0, 40120.0, 76325.0, 30468.0, 31923.0, 47554.0, 53724.0, 85381.0, 40622.0, 31146.0, 30369.0, 29001.0, 27335.0, 55861.0, 69508.0, 64394.0, 56307.0, 58675.0, 62827.0, 44836.0, 15142.0, 42650.0, 37026.0, 18009.0, 16102.0, 38077.0, 14471.0, 8935.0, 32013.0, 33084.0, 40463.0, 9216.0, 72411.0, 42644.0, 41909.0, 9031.0, 27784.0, 32048.0, 87943.0, 89177.0, 99999999.0, 40415.0, 40384.0, 55657.0, 99999999.0, 52622.0, 45047.0, 45603.0, 14121.0, 51039.0, 99999999.0, 99999999.0, 99999999.0, 58559.0, 99999999.0, 43502.0, 75887.0, 16018.0, 99999999.0, 99999999.0, 99999999.0, 27306.0, 52375.0, 40565.0, 59389.0],
		[7027.0, 47868.0, 49004.0, 53342.0, 5372.0, 12912.0, 17056.0, 7657.0, 18759.0, 10251.0, 34705.0, 36779.0, 240.0, 58424.0, 59869.0, 61401.0, 12173.0, 81649.0, 43366.0, 15408.0, 19999.0, 19223.0, 57574.0, 53095.0, 37960.0, 38264.0, 40124.0, 38406.0, 40433.0, 38612.0, 6477.0, 43650.0, 3946.0, 7816.0, 21102.0, 25719.0, 6737.0, 24322.0, 25520.0, 62227.0, 63663.0, 6077.0, 49482.0, 39835.0, 3276.0, 17268.0, 49335.0, 15217.0, 61409.0, 64038.0, 65594.0, 40415.0, 99999999.0, 15743.0, 37756.0, 99999999.0, 99999999.0, 99999999.0, 99999999.0, 99999999.0, 99999999.0, 99999999.0, 99999999.0, 99999999.0, 99999999.0, 99999999.0, 99999999.0, 99999999.0, 99999999.0, 99999999.0, 99999999.0, 99999999.0, 99999999.0, 99999999.0, 17248.0, 28003.0],
		[17412.0, 52436.0, 53473.0, 55647.0, 15032.0, 26724.0, 7221.0, 19588.0, 11837.0, 17502.0, 47678.0, 22396.0, 17020.0, 62691.0, 47764.0, 49296.0, 25146.0, 83997.0, 44230.0, 5965.0, 9914.0, 9831.0, 57543.0, 47130.0, 35799.0, 36103.0, 41678.0, 36880.0, 41336.0, 37086.0, 14666.0, 27194.0, 13273.0, 25365.0, 9931.0, 19754.0, 16857.0, 16640.0, 19555.0, 50122.0, 51558.0, 15297.0, 49451.0, 40911.0, 17434.0, 7054.0, 49304.0, 2753.0, 49304.0, 69274.0, 69497.0, 40384.0, 15743.0, 99999999.0, 38635.0, 99999999.0, 75688.0, 29321.0, 32227.0, 18438.0, 33258.0, 99999999.0, 99999999.0, 99999999.0, 31374.0, 99999999.0, 15297.0, 56072.0, 33743.0, 99999999.0, 99999999.0, 99999999.0, 2312.0, 35804.0, 33909.0, 44817.0],
		[34494.0, 18457.0, 24398.0, 31726.0, 29638.0, 37243.0, 36756.0, 40872.0, 35957.0, 40121.0, 24737.0, 52168.0, 37680.0, 13866.0, 80793.0, 82325.0, 23904.0, 104379.0, 5183.0, 39496.0, 39249.0, 39166.0, 68556.0, 76250.0, 272.0, 2085.0, 2166.0, 975.0, 1414.0, 1689.0, 36018.0, 64574.0, 34680.0, 33259.0, 41976.0, 46481.0, 26443.0, 52968.0, 46282.0, 83151.0, 84587.0, 35764.0, 86038.0, 2947.0, 36584.0, 39920.0, 85412.0, 38437.0, 82333.0, 41293.0, 43105.0, 55657.0, 37756.0, 38635.0, 99999999.0, 99999999.0, 90197.0, 31099.0, 31654.0, 52968.0, 31266.0, 99999999.0, 99999999.0, 99999999.0, 8077.0, 99999999.0, 35764.0, 36325.0, 51098.0, 99999999.0, 99999999.0, 99999999.0, 34649.0, 28543.0, 36752.0, 46196.0],
